999 3989 
786 210 35 
503 797 35 
247 543 61 
259 171 72 
233 979 87 
246 576 28 
524 155 99 
790 104 63 
766 849 50 
788 167 48 
517 378 12 
518 347 97 
256 281 11 
788 176 12 
520 293 37 
244 659 92 
779 459 93 
764 926 27 
1 5 9 
235 944 23 
526 122 43 
248 552 62 
521 284 83 
528 69 71 
793 54 82 
259 229 59 
520 330 28 
238 881 79 
780 466 73 
261 172 43 
784 345 50 
518 400 86 
523 246 8 
266 25 44 
261 192 41 
264 99 72 
500 975 87 
236 969 10 
786 307 85 
524 240 12 
774 696 91 
531 39 79 
772 760 45 
779 544 12 
267 35 23 
772 772 100 
527 177 91 
519 426 47 
507 800 51 
788 282 6 
770 843 14 
248 642 14 
768 906 30 
258 334 71 
522 343 60 
797 10 60 
777 637 93 
515 570 88 
512 667 94 
238 970 100 
3 64 95 
2 96 24 
525 269 52 
256 417 4 
515 581 75 
778 622 64 
518 491 54 
770 871 46 
504 926 39 
520 432 40 
774 751 53 
524 310 20 
782 507 40 
244 803 33 
238 998 62 
529 170 36 
526 267 6 
767 992 80 
245 791 68 
532 87 19 
771 872 58 
512 711 84 
242 893 16 
268 90 20 
517 565 8 
252 589 68 
774 792 98 
524 353 6 
781 578 70 
534 44 66 
770 920 69 
244 848 1 
248 728 13 
511 770 98 
6 43 40 
515 653 18 
791 289 50 
511 778 19 
516 624 38 
249 710 100 
775 794 40 
524 384 8 
790 330 39 
257 476 57 
769 989 57 
776 774 25 
263 294 28 
798 94 41 
789 374 78 
527 305 12 
534 89 30 
769 997 15 
532 154 11 
2 206 4 
271 61 61 
508 906 7 
272 35 14 
531 198 49 
264 285 71 
268 162 40 
523 453 98 
244 912 5 
792 311 43 
258 488 79 
1 268 64 
512 817 39 
524 446 5 
4 183 35 
268 191 73 
264 317 74 
524 449 60 
538 16 73 
776 833 51 
526 395 96 
534 148 15 
521 554 42 
6 137 96 
261 426 10 
772 969 48 
512 839 29 
782 664 67 
786 542 74 
772 977 44 
520 601 66 
526 415 45 
787 517 61 
528 358 20 
531 267 55 
256 601 47 
248 851 48 
253 697 97 
791 405 7 
791 408 26 
253 703 52 
252 738 29 
260 493 98 
515 780 26 
780 766 100 
252 754 73 
775 925 26 
784 646 9 
271 172 87 
12 11 35 
782 719 2 
787 564 93 
515 806 78 
3 298 10 
536 159 11 
541 5 99 
510 971 61 
530 359 80 
267 321 46 
276 44 6 
260 545 75 
799 222 25 
801 167 66 
258 617 44 
781 789 56 
277 34 98 
783 732 62 
271 221 82 
781 796 28 
785 676 43 
255 726 91 
538 148 53 
785 684 73 
519 740 84 
527 493 62 
786 657 89 
798 286 30 
522 653 59 
527 501 48 
266 403 2 
780 853 82 
788 609 88 
265 439 6 
520 727 47 
516 854 1 
269 321 75 
538 175 85 
803 153 79 
783 774 43 
786 681 94 
778 936 21 
279 28 23 
258 683 100 
513 975 19 
270 317 27 
783 798 45 
13 93 18 
544 17 53 
799 304 46 
275 168 30 
526 582 42 
268 391 78 
798 348 10 
256 769 6 
260 649 13 
267 434 1 
279 66 37 
272 284 53 
789 644 8 
794 490 44 
803 213 2 
521 765 33 
798 370 34 
262 604 62 
529 523 27 
276 176 19 
274 239 88 
809 38 35 
542 124 64 
538 249 51 
535 343 63 
270 367 11 
801 291 45 
13 144 100 
278 122 11 
798 389 14 
250 994 40 
257 778 67 
793 548 55 
251 970 55 
806 150 35 
14 128 89 
537 301 93 
540 208 75 
808 95 4 
795 500 25 
278 145 69 
18 17 38 
799 382 69 
802 294 54 
804 234 50 
806 172 5 
522 788 35 
251 998 39 
784 859 89 
14 154 35 
522 790 65 
800 367 53 
266 539 1 
276 233 97 
810 63 66 
809 95 41 
800 382 31 
14 176 32 
1 581 58 
800 390 41 
270 437 12 
807 174 80 
259 786 12 
264 633 78 
282 75 88 
13 223 79 
3 537 98 
283 50 92 
520 895 45 
783 937 87 
809 131 1 
800 411 3 
5 487 27 
282 95 92 
523 821 2 
540 294 9 
801 397 72 
803 340 97 
18 102 51 
812 70 84 
20 53 2 
259 843 26 
19 99 29 
284 76 73 
526 769 24 
809 189 80 
809 190 12 
793 690 83 
806 287 92 
286 24 70 
812 106 38 
10 393 3 
15 240 52 
535 505 10 
799 520 3 
809 211 48 
787 900 84 
539 406 57 
526 810 84 
6 547 98 
798 572 40 
16 242 15 
526 820 8 
539 417 99 
2 681 40 
260 877 37 
265 725 31 
2 687 66 
534 580 73 
10 444 21 
22 73 86 
523 931 8 
786 972 3 
21 116 17 
526 848 70 
533 631 31 
801 520 48 
258 974 79 
545 272 32 
6 606 89 
549 162 55 
3 706 38 
15 334 75 
280 313 34 
546 259 1 
277 407 70 
530 757 37 
796 703 53 
5 649 97 
3 716 23 
287 105 84 
543 361 43 
22 130 78 
787 992 31 
7 601 48 
279 365 79 
808 351 35 
811 261 24 
807 387 73 
25 55 72 
555 9 23 
817 81 18 
805 454 96 
19 246 2 
555 14 9 
792 861 34 
261 943 92 
531 768 84 
22 164 24 
793 841 91 
13 447 37 
268 735 52 
281 334 36 
531 776 57 
2 794 10 
275 524 4 
544 377 99 
14 425 11 
797 730 48 
804 513 24 
11 522 66 
797 732 27 
802 579 39 
261 967 37 
531 791 60 
25 100 40 
275 547 18 
542 462 44 
804 533 87 
551 185 99 
800 662 38 
9 609 69 
20 268 51 
262 958 68 
554 101 35 
268 779 99 
812 299 43 
531 821 44 
816 178 84 
536 667 80 
18 343 68 
287 197 32 
25 128 11 
4 783 20 
549 273 58 
24 167 38 
528 927 83 
818 129 50 
526 990 29 
537 649 16 
811 347 45 
293 25 86 
557 35 45 
530 873 35 
544 440 52 
270 745 70 
532 817 87 
804 577 91 
28 58 59 
557 43 25 
801 677 100 
283 352 1 
795 865 64 
29 40 10 
267 862 2 
277 553 59 
532 843 24 
558 39 83 
285 313 22 
541 571 15 
2 900 20 
534 796 99 
545 461 81 
28 108 88 
540 623 64 
282 437 18 
803 672 39 
10 682 12 
18 435 4 
19 404 73 
555 177 91 
271 791 28 
283 420 54 
816 281 31 
293 114 42 
558 91 18 
16 526 92 
272 785 99 
13 628 95 
797 900 49 
542 614 10 
20 413 83 
21 383 27 
29 135 70 
280 546 6 
283 456 89 
538 743 1 
814 384 100 
558 129 99 
562 5 76 
294 124 5 
4 923 64 
20 434 96 
822 148 6 
277 664 71 
562 29 79 
286 395 42 
819 257 77 
31 112 21 
814 415 56 
15 609 96 
293 184 74 
31 115 53 
30 147 49 
550 413 32 
536 849 24 
810 548 87 
292 224 31 
538 791 40 
288 350 48 
553 329 14 
813 464 52 
290 294 35 
546 551 47 
554 307 45 
275 767 74 
8 853 52 
532 993 6 
827 42 72 
826 74 85 
7 888 17 
32 113 58 
820 261 89 
26 300 46 
821 231 51 
551 410 30 
561 100 2 
798 946 81 
561 102 33 
824 148 19 
817 368 30 
35 37 41 
560 151 89 
270 950 51 
805 749 24 
297 119 84 
829 11 87 
23 424 26 
270 962 21 
544 660 57 
556 291 33 
817 393 94 
293 256 27 
17 621 62 
538 854 35 
805 769 67 
294 232 69 
33 132 91 
276 792 51 
816 436 7 
541 772 95 
555 338 38 
298 114 49 
828 68 11 
534 992 44 
812 569 70 
811 605 89 
12 800 69 
296 189 48 
280 687 29 
17 650 54 
566 15 80 
283 597 52 
804 831 54 
828 87 16 
14 748 70 
19 594 46 
556 332 90 
296 201 83 
564 87 52 
535 989 5 
301 56 63 
549 565 57 
9 923 3 
26 397 63 
27 367 87 
815 515 48 
277 810 48 
301 67 71 
303 6 89 
300 102 59 
537 949 51 
554 423 92 
547 642 16 
297 202 15 
539 892 78 
289 453 2 
560 248 24 
11 886 78 
286 559 25 
35 157 64 
814 584 55 
290 445 95 
8 996 97 
17 717 35 
551 551 77 
25 476 33 
814 594 80 
20 635 39 
290 458 20 
288 521 14 
552 530 63 
26 455 50 
26 459 84 
301 126 41 
546 725 31 
832 51 4 
556 416 92 
563 202 82 
802 989 44 
286 605 92 
546 737 74 
280 794 54 
569 29 8 
819 473 44 
26 482 14 
551 594 94 
807 852 94 
547 721 24 
563 227 2 
16 802 46 
298 252 15 
561 292 6 
565 169 1 
561 300 39 
823 370 4 
557 426 78 
293 419 66 
564 210 34 
300 203 86 
563 242 26 
38 135 34 
835 4 10 
293 425 65 
542 900 36 
42 17 29 
826 290 40 
828 228 57 
17 801 31 
560 360 79 
276 974 19 
16 845 3 
815 656 72 
568 122 94 
28 482 20 
284 738 86 
292 491 83 
572 3 18 
820 507 12 
566 190 17 
31 392 45 
826 324 67 
281 836 94 
43 23 98 
307 31 56 
292 499 100 
571 43 5 
807 919 33 
42 60 89 
25 590 94 
544 888 9 
812 772 28 
40 129 31 
297 355 20 
280 887 66 
291 547 31 
824 408 78 
17 851 57 
568 155 26 
813 753 63 
822 480 92 
16 891 39 
286 714 78 
569 133 48 
27 554 42 
827 331 65 
24 650 73 
282 845 18 
304 165 23 
42 98 83 
819 587 93 
814 743 28 
35 317 25 
38 224 16 
552 675 56 
15 939 48 
43 73 37 
559 465 54 
837 40 16 
44 48 17 
551 716 93 
302 244 97 
305 156 21 
42 119 5 
549 794 53 
567 237 14 
812 837 96 
821 560 12 
812 840 66 
554 647 36 
30 511 87 
837 72 94 
831 259 90 
282 898 96 
302 278 7 
817 698 6 
285 807 31 
819 638 47 
302 283 1 
829 330 45 
304 223 42 
30 529 42 
551 764 21 
823 524 36 
296 479 80 
557 580 7 
282 914 35 
809 962 80 
32 477 25 
307 144 62 
822 569 6 
45 81 62 
830 322 93 
837 105 64 
303 278 76 
554 690 92 
833 233 66 
551 784 3 
822 577 54 
34 431 12 
280 997 16 
310 67 23 
292 628 83 
29 595 15 
294 574 90 
814 840 49 
546 957 99 
570 213 67 
829 378 69 
281 983 30 
574 94 27 
574 102 72 
576 43 100 
829 392 10 
829 394 96 
834 239 100 
547 946 100 
286 846 3 
291 695 30 
305 261 68 
556 672 90 
837 154 87 
309 140 89 
560 554 24 
840 67 76 
312 53 5 
294 614 88 
558 623 4 
811 975 20 
287 838 79 
288 808 43 
549 913 35 
22 870 81 
834 274 95 
569 298 39 
814 895 13 
292 694 55 
32 563 16 
819 742 72 
557 673 24 
27 728 19 
292 708 86 
295 615 69 
50 20 36 
33 548 81 
577 69 75 
44 209 60 
814 916 31 
550 910 62 
308 221 100 
36 462 68 
558 665 20 
835 273 11 
553 824 12 
838 182 6 
312 105 6 
557 708 7 
830 437 54 
563 523 65 
578 63 82 
579 32 100 
288 864 78 
35 523 58 
48 120 49 
579 44 68 
285 968 57 
815 926 83 
561 609 65 
286 944 25 
21 969 50 
26 814 17 
837 250 86 
44 263 11 
39 419 40 
563 559 19 
551 933 29 
292 771 5 
816 912 50 
51 53 52 
566 477 51 
814 983 83 
306 349 41 
552 919 27 
561 644 96 
569 396 73 
36 539 10 
579 91 38 
568 437 46 
296 680 26 
561 661 31 
287 966 50 
35 589 51 
297 659 4 
299 598 76 
558 761 27 
35 595 67 
303 479 59 
815 991 28 
839 248 50 
563 616 25 
309 302 52 
38 514 43 
294 770 1 
299 615 31 
295 744 38 
561 692 54 
573 320 85 
291 873 12 
562 669 19 
46 283 50 
831 526 26 
54 39 50 
318 59 10 
44 362 84 
844 139 95 
829 607 81 
832 515 27 
32 740 98 
831 549 36 
30 806 98 
44 372 69 
51 157 17 
55 34 36 
40 500 75 
567 549 53 
318 81 21 
835 438 24 
319 51 55 
40 511 92 
51 173 49 
302 586 2 
835 447 67 
56 22 14 
839 331 14 
821 892 78 
828 675 57 
30 838 72 
568 546 13 
579 210 18 
574 367 80 
584 60 58 
53 140 35 
559 838 79 
318 120 39 
308 433 2 
586 10 56 
301 657 37 
826 766 15 
308 441 99 
834 520 67 
558 889 66 
564 706 14 
56 74 22 
58 13 83 
322 22 40 
820 968 23 
35 731 76 
584 99 75 
300 715 99 
307 498 3 
310 410 14 
559 883 87 
567 637 51 
35 747 10 
823 895 36 
585 87 88 
314 297 87 
561 832 42 
556 993 47 
305 584 29 
558 933 76 
30 918 20 
823 912 51 
308 494 1 
564 752 5 
840 392 70 
848 144 94 
837 486 17 
49 339 42 
840 394 79 
59 30 95 
849 116 61 
832 650 57 
852 30 13 
582 210 72 
303 670 26 
309 484 48 
58 74 7 
309 487 15 
58 77 23 
304 643 6 
842 353 88 
56 149 84 
560 910 16 
317 255 24 
312 411 85 
313 383 85 
302 728 75 
830 745 75 
854 1 20 
37 753 65 
39 695 94 
564 805 12 
313 395 98 
35 822 54 
305 645 65 
318 243 50 
35 825 96 
823 973 8 
566 751 81 
846 264 66 
830 761 29 
320 190 100 
297 904 45 
37 775 81 
37 777 71 
305 668 16 
318 267 11 
326 19 99 
589 58 22 
37 793 85 
49 423 80 
831 759 8 
847 264 16 
566 787 49 
62 28 64 
570 665 63 
32 961 36 
583 265 74 
58 157 43 
577 453 2 
588 115 51 
584 244 12 
825 968 91 
49 449 16 
825 969 50 
62 47 52 
578 436 49 
32 979 49 
579 408 53 
590 67 69 
35 889 19 
826 944 34 
853 113 15 
587 168 40 
56 246 64 
588 139 68 
854 85 62 
576 513 89 
585 235 57 
578 455 25 
591 53 40 
302 822 91 
574 588 76 
833 751 23 
305 737 43 
579 435 57 
306 708 47 
47 546 33 
58 205 52 
64 20 59 
315 434 2 
563 939 68 
323 189 49 
35 926 24 
565 884 93 
563 948 39 
579 452 28 
844 431 40 
836 682 68 
857 33 34 
328 49 83 
299 951 14 
565 897 36 
832 812 89 
59 200 69 
853 164 89 
326 120 83 
836 694 36 
35 953 11 
829 916 88 
309 653 75 
829 917 1 
837 670 62 
39 835 81 
842 519 49 
851 240 53 
857 55 80 
54 374 52 
589 174 26 
848 338 20 
306 757 57 
846 402 54 
38 876 59 
570 771 41 
836 718 7 
856 99 25 
578 529 55 
576 593 80 
595 7 75 
41 798 17 
578 535 15 
329 65 90 
307 751 96 
845 460 2 
567 893 68 
573 707 20 
578 552 87 
312 608 46 
580 492 56 
589 213 41 
312 609 53 
851 284 49 
36 974 52 
842 564 51 
571 776 14 
38 917 32 
566 934 57 
582 446 34 
312 625 42 
45 712 49 
332 11 12 
316 508 95 
314 573 93 
855 186 57 
829 993 72 
304 888 48 
306 827 99 
566 961 20 
595 64 80 
838 724 88 
597 7 26 
316 528 100 
571 815 74 
579 567 74 
50 583 60 
52 521 37 
573 755 11 
62 215 100 
306 843 32 
330 101 25 
596 51 46 
577 643 87 
588 303 82 
329 141 29 
591 214 23 
858 133 60 
317 521 37 
836 818 63 
331 91 74 
43 830 100 
308 808 77 
40 925 72 
584 446 40 
309 780 89 
307 844 98 
322 381 98 
574 762 28 
578 638 95 
833 925 3 
590 271 50 
593 180 34 
573 812 21 
847 511 94 
65 178 22 
589 319 51 
329 189 53 
584 476 24 
40 962 39 
310 785 41 
332 105 34 
328 231 86 
65 194 51 
845 593 2 
325 334 85 
590 313 57 
317 586 89 
853 354 40 
843 666 17 
859 170 81 
304 992 25 
573 845 99 
595 164 83 
320 498 69 
595 165 96 
863 49 74 
855 301 50 
592 263 45 
580 642 54 
46 813 33 
336 20 12 
845 625 68 
576 773 50 
584 527 37 
837 876 14 
590 342 42 
850 474 2 
590 345 75 
599 68 13 
858 232 26 
853 389 80 
576 787 56 
589 384 98 
310 842 90 
331 192 27 
841 766 93 
865 23 14 
582 605 18 
840 802 42 
70 98 48 
578 736 20 
593 275 68 
47 821 83 
335 90 12 
599 99 34 
845 666 95 
848 574 71 
48 800 76 
854 390 57 
851 484 74 
66 247 35 
599 110 67 
846 647 80 
835 996 97 
53 663 87 
63 355 45 
849 566 64 
591 373 47 
841 815 82 
859 259 70 
583 624 26 
589 438 74 
571 998 19 
57 549 46 
861 203 27 
858 298 66 
334 160 39 
847 641 88 
844 735 52 
860 239 68 
865 84 99 
867 24 44 
321 571 43 
72 99 72 
865 93 64 
334 172 87 
66 289 77 
858 316 81 
69 204 6 
859 291 10 
600 129 23 
584 628 94 
865 109 80 
576 877 74 
308 995 89 
322 565 50 
58 560 32 
54 685 46 
311 911 43 
52 755 51 
52 756 50 
75 44 80 
309 983 21 
333 240 86 
320 644 8 
605 3 39 
839 942 91 
605 8 52 
601 133 50 
60 523 17 
321 627 53 
317 758 98 
339 79 79 
316 793 86 
65 386 38 
74 110 58 
603 95 69 
598 251 73 
62 486 14 
327 464 15 
581 783 35 
315 838 86 
67 337 9 
321 656 5 
592 448 35 
333 291 18 
595 361 5 
312 943 44 
66 379 80 
321 667 48 
65 413 68 
335 235 1 
341 50 8 
329 429 95 
596 344 2 
852 600 22 
68 331 36 
580 843 45 
607 6 13 
842 915 98 
857 451 91 
867 141 21 
864 235 22 
326 532 5 
846 796 82 
596 356 97 
584 733 38 
338 171 86 
868 125 54 
51 877 68 
342 50 47 
582 803 52 
870 72 97 
867 166 59 
331 402 47 
50 925 46 
64 493 96 
336 253 97 
581 850 30 
316 882 72 
851 683 70 
841 995 41 
343 50 4 
322 702 25 
80 14 33 
856 534 37 
341 116 6 
848 783 72 
316 892 89 
863 320 40 
318 836 81 
855 573 53 
859 449 61 
62 581 4 
313 994 5 
862 361 20 
864 299 81 
330 477 17 
842 989 72 
862 370 80 
854 620 13 
71 318 99 
77 132 68 
63 567 74 
319 824 17 
330 484 84 
590 617 14 
326 614 38 
78 114 94 
316 931 75 
607 104 75 
50 990 10 
593 543 91 
873 55 86 
59 723 80 
57 787 3 
324 702 64 
333 431 84 
855 634 76 
51 992 46 
849 831 54 
80 99 33 
69 442 48 
69 444 34 
596 492 15 
335 392 20 
598 431 12 
871 161 17 
72 358 68 
869 227 37 
336 368 1 
329 586 76 
72 363 57 
335 402 6 
856 640 83 
83 30 71 
847 924 3 
56 871 55 
317 972 25 
75 285 10 
847 937 44 
612 32 61 
325 743 87 
319 932 66 
599 448 90 
867 334 73 
596 544 51 
868 304 13 
322 847 93 
63 685 39 
847 959 1 
337 386 55 
593 648 28 
587 835 9 
584 930 23 
605 279 50 
329 645 92 
853 787 42 
334 495 68 
54 985 61 
599 474 79 
603 351 76 
56 925 16 
57 896 92 
610 138 100 
877 53 27 
64 681 22 
333 536 69 
850 894 51 
77 286 46 
854 779 49 
71 477 51 
82 142 66 
67 612 74 
855 761 20 
591 760 77 
65 684 54 
342 289 81 
605 328 11 
864 492 49 
61 812 13 
87 6 89 
326 790 33 
79 257 12 
57 942 88 
81 201 83 
590 808 17 
59 887 63 
850 942 3 
873 232 92 
614 70 16 
608 258 36 
73 461 22 
876 144 94 
338 442 67 
600 514 46 
867 432 43 
598 580 21 
78 319 64 
84 133 32 
596 645 54 
588 897 6 
864 533 56 
872 285 78 
873 254 81 
59 914 15 
585 993 23 
590 838 87 
864 536 61 
347 184 88 
72 519 40 
586 969 94 
65 737 29 
325 869 74 
594 732 99 
84 159 78 
617 20 89 
343 323 49 
602 486 10 
352 48 14 
73 514 86 
606 375 97 
614 127 22 
82 236 94 
590 872 54 
601 532 53 
324 931 38 
851 979 44 
70 623 61 
334 635 22 
323 979 11 
327 855 18 
343 359 58 
345 298 57 
603 492 30 
65 787 55 
857 814 83 
74 513 20 
333 679 23 
868 481 33 
852 978 45 
333 688 21 
615 139 57 
81 315 49 
866 557 61 
597 705 68 
878 186 16 
881 93 87 
78 412 31 
325 950 74 
854 936 60 
86 169 81 
78 418 41 
87 142 35 
609 344 85 
608 378 21 
858 820 71 
868 512 33 
86 180 34 
84 244 38 
340 507 1 
857 865 54 
865 623 79 
355 50 39 
604 523 27 
333 734 1 
602 587 23 
355 53 42 
329 861 92 
856 909 78 
68 762 70 
87 175 26 
328 898 100 
870 480 94 
71 674 17 
880 172 36 
868 547 87 
69 742 58 
82 340 38 
612 296 55 
340 537 76 
860 801 42 
81 377 9 
860 804 71 
89 130 15 
601 645 90 
595 833 23 
81 384 55 
863 721 4 
348 305 96 
859 848 11 
65 889 37 
621 40 46 
92 56 57 
859 859 29 
67 840 56 
614 270 77 
596 833 57 
74 633 71 
93 44 88 
327 985 87 
877 323 41 
622 39 67 
605 569 63 
66 897 87 
87 247 98 
327 999 31 
607 511 38 
338 659 61 
856 987 39 
80 468 90 
333 820 37 
593 953 8 
81 447 17 
86 292 9 
605 587 70 
604 619 83 
91 139 71 
331 891 12 
865 721 34 
335 768 77 
94 48 12 
342 555 93 
863 789 11 
859 914 22 
879 294 53 
883 174 96 
342 562 52 
887 52 18 
93 93 25 
614 327 86 
91 163 35 
70 816 92 
885 134 36 
889 12 33 
88 273 42 
74 713 37 
615 326 48 
605 637 24 
97 2 67 
334 850 73 
594 983 78 
361 16 51 
617 273 40 
93 134 45 
601 770 28 
872 561 83 
86 352 21 
609 525 73 
348 428 43 
83 454 59 
340 680 21 
888 76 31 
336 807 28 
609 536 19 
73 770 94 
881 299 74 
874 518 8 
876 462 14 
885 186 2 
334 884 68 
617 305 95 
601 802 27 
98 12 42 
868 718 72 
67 976 89 
622 156 98 
888 102 45 
606 653 37 
338 773 71 
624 100 75 
613 442 72 
332 962 86 
620 226 32 
355 250 59 
625 72 15 
875 514 53 
615 383 60 
608 601 30 
861 950 99 
70 897 22 
82 527 52 
344 598 32 
336 847 81 
341 692 35 
91 252 71 
599 890 2 
89 318 71 
356 233 16 
601 835 69 
881 349 77 
361 87 96 
619 281 50 
88 359 64 
69 949 48 
342 679 57 
622 191 48 
86 425 45 
97 84 28 
873 605 49 
89 334 75 
339 777 55 
347 532 5 
356 253 64 
82 557 88 
875 550 67 
880 395 39 
886 212 48 
874 589 27 
889 125 61 
88 381 83 
602 840 74 
609 627 13 
871 697 45 
887 202 20 
86 461 100 
626 105 45 
867 827 27 
877 518 80 
340 783 38 
882 366 97 
338 847 52 
351 446 53 
617 392 11 
93 255 23 
349 511 18 
361 139 95 
89 382 86 
873 655 72 
624 183 94 
101 13 28 
86 479 53 
337 891 28 
603 839 83 
610 623 88 
864 941 39 
873 664 60 
610 634 22 
876 581 8 
345 659 18 
71 962 20 
341 784 80 
886 274 13 
881 430 70 
866 897 48 
349 542 46 
629 56 92 
886 281 88 
875 627 100 
612 589 90 
600 967 92 
343 753 32 
871 769 49 
621 328 17 
867 894 15 
626 176 90 
97 195 33 
615 521 92 
864 997 38 
602 931 33 
877 599 13 
365 88 25 
880 508 2 
891 167 57 
96 237 52 
336 992 75 
339 902 21 
877 608 12 
895 50 97 
612 632 37 
341 846 73 
628 143 86 
882 461 58 
360 265 37 
629 118 90 
343 798 30 
867 940 13 
351 554 40 
628 159 38 
74 950 7 
630 98 25 
873 757 83 
368 29 26 
889 264 96 
895 79 66 
615 571 68 
613 635 63 
103 62 14 
614 607 45 
98 221 34 
358 353 52 
630 113 64 
614 611 74 
84 681 42 
622 387 35 
344 814 86 
101 157 98 
98 251 82 
626 270 28 
99 224 14 
879 620 53 
348 705 25 
361 307 20 
345 804 53 
348 712 97 
346 778 18 
340 965 14 
627 261 55 
92 463 35 
873 831 32 
103 126 3 
353 569 70 
96 348 66 
356 480 82 
876 746 48 
890 312 21 
878 687 9 
99 264 34 
77 947 31 
94 425 92 
77 954 74 
361 342 3 
613 722 67 
76 986 62 
636 10 67 
350 686 31 
629 229 38 
627 292 84 
351 660 66 
363 288 67 
612 761 84 
618 575 66 
615 671 89 
894 217 2 
100 259 56 
890 348 62 
84 759 39 
887 442 9 
628 280 5 
354 584 13 
366 213 31 
897 136 49 
618 596 52 
355 558 25 
623 450 25 
633 140 100 
79 931 91 
109 1 63 
84 780 5 
878 744 5 
629 272 40 
82 854 95 
611 839 22 
875 848 96 
883 601 54 
892 324 66 
881 674 6 
362 380 47 
356 568 12 
629 297 24 
619 608 23 
618 642 92 
621 549 99 
619 613 55 
94 506 5 
883 625 45 
636 92 88 
99 360 91 
878 792 33 
89 687 29 
101 318 60 
107 133 69 
613 831 11 
628 366 3 
99 382 64 
89 693 6 
358 548 41 
359 526 5 
626 441 37 
88 744 80 
636 141 42 
368 261 86 
376 16 43 
359 552 80 
626 469 39 
85 860 70 
634 226 89 
619 693 16 
632 290 7 
93 617 51 
109 123 21 
640 47 47 
616 792 41 
89 750 63 
616 800 8 
100 416 80 
615 835 77 
633 281 90 
898 260 65 
619 718 34 
894 385 85 
884 698 10 
377 34 18 
641 46 14 
351 846 33 
370 257 93 
90 746 48 
904 88 17 
89 778 66 
636 205 70 
106 256 2 
614 892 22 
353 792 8 
637 180 55 
637 182 48 
99 477 75 
349 919 34 
905 69 20 
102 387 37 
621 684 19 
361 553 8 
97 551 38 
633 320 51 
898 297 76 
636 230 24 
352 843 4 
617 824 62 
373 199 93 
93 693 42 
94 662 94 
903 160 93 
91 760 49 
359 646 20 
375 150 44 
351 899 12 
376 126 35 
904 145 17 
380 6 64 
889 611 6 
108 248 46 
620 760 55 
84 995 87 
362 571 42 
106 319 36 
364 513 81 
640 152 83 
613 990 14 
364 520 44 
891 567 22 
880 909 17 
368 400 2 
380 29 11 
638 223 94 
645 6 89 
357 743 8 
900 294 64 
884 794 62 
85 988 79 
906 114 64 
886 735 57 
896 426 86 
881 893 85 
889 646 37 
636 300 65 
87 937 90 
86 971 77 
644 57 40 
904 191 65 
643 91 56 
97 635 77 
95 699 64 
354 865 27 
626 626 51 
901 293 72 
366 495 81 
637 286 55 
622 752 87 
351 962 12 
355 840 99 
630 507 99 
908 81 10 
905 175 38 
619 852 69 
621 790 39 
113 155 24 
645 47 55 
114 125 3 
879 986 11 
101 533 73 
628 585 37 
640 217 97 
92 826 49 
117 51 12 
100 579 96 
617 946 56 
99 621 2 
904 243 10 
106 409 54 
641 208 50 
90 914 1 
352 985 64 
904 257 66 
360 739 92 
91 891 15 
640 256 34 
101 584 2 
906 205 17 
381 97 58 
645 108 12 
903 302 33 
117 93 35 
101 590 52 
640 266 10 
94 809 72 
356 879 6 
624 763 13 
368 508 45 
98 689 90 
381 108 92 
627 676 60 
362 718 49 
882 985 51 
898 489 14 
357 878 23 
365 634 74 
628 674 24 
95 815 46 
904 312 83 
91 941 4 
355 949 76 
901 407 38 
95 818 4 
96 787 58 
896 570 14 
647 100 31 
635 475 82 
113 274 63 
95 834 93 
639 354 96 
111 340 23 
634 513 17 
890 769 69 
372 444 73 
645 173 66 
892 711 83 
901 432 22 
117 161 71 
107 472 44 
885 930 72 
906 279 62 
109 415 2 
355 981 77 
637 432 79 
884 967 92 
112 324 59 
890 782 72 
367 615 82 
111 361 99 
108 456 36 
109 425 35 
892 728 8 
101 674 25 
386 32 21 
92 961 56 
895 644 6 
634 545 88 
637 452 72 
98 780 90 
636 489 10 
908 252 96 
626 803 91 
642 308 27 
625 836 89 
621 964 56 
119 146 25 
889 852 65 
358 930 54 
356 997 6 
365 722 50 
646 206 99 
909 245 46 
367 664 22 
362 823 6 
887 933 71 
364 766 63 
888 907 9 
911 197 45 
374 461 77 
894 726 79 
896 669 85 
640 414 64 
98 835 69 
114 339 6 
914 115 6 
652 46 80 
651 78 37 
891 832 17 
374 477 39 
650 114 100 
896 685 16 
116 291 1 
637 524 18 
915 100 47 
360 923 31 
635 592 50 
102 736 56 
97 892 48 
120 179 37 
364 808 44 
637 538 77 
111 461 38 
120 185 55 
94 998 19 
625 921 24 
386 140 44 
96 942 99 
641 431 58 
909 317 95 
916 103 20 
118 268 60 
894 789 50 
375 495 100 
889 945 11 
643 385 36 
625 944 77 
628 852 41 
655 15 13 
916 116 64 
115 374 29 
909 339 50 
896 744 59 
378 420 79 
896 752 93 
648 253 81 
651 160 77 
902 572 87 
652 131 82 
374 558 34 
112 489 26 
101 832 68 
909 360 61 
107 647 80 
102 804 72 
634 698 28 
917 117 35 
380 382 60 
107 655 44 
385 231 14 
649 248 72 
363 925 47 
111 546 94 
645 377 44 
380 405 86 
914 235 64 
905 515 50 
121 244 90 
391 69 22 
899 707 48 
901 647 50 
897 780 19 
377 522 98 
376 554 69 
635 717 38 
101 889 10 
123 209 17 
641 538 1 
103 833 13 
125 158 55 
383 352 16 
903 620 1 
127 101 84 
648 335 8 
630 894 18 
899 747 71 
914 282 78 
129 45 45 
130 18 16 
658 36 98 
919 137 76 
109 674 22 
640 597 12 
130 29 8 
899 767 55 
106 777 16 
393 72 35 
634 796 67 
898 804 34 
630 923 77 
636 740 16 
126 167 55 
897 844 88 
109 697 53 
368 860 22 
647 404 20 
101 948 23 
923 43 3 
659 36 89 
660 5 35 
897 852 54 
103 896 47 
366 936 72 
110 682 82 
630 947 14 
376 630 68 
638 700 91 
909 496 87 
374 698 26 
101 976 34 
129 108 85 
641 622 92 
127 173 63 
132 18 22 
652 284 47 
902 726 19 
653 257 81 
637 759 90 
109 744 59 
660 47 48 
393 133 76 
396 43 2 
112 657 8 
377 634 88 
111 689 12 
120 410 83 
897 899 56 
386 357 22 
126 227 34 
650 368 71 
118 479 26 
921 163 41 
908 571 8 
372 805 89 
656 195 21 
647 478 90 
398 9 52 
114 624 69 
121 407 89 
133 36 96 
895 991 15 
389 299 31 
927 7 69 
109 790 89 
653 313 5 
378 651 9 
907 636 72 
129 179 73 
644 598 11 
113 678 23 
659 138 29 
639 759 94 
920 240 14 
377 690 90 
653 327 61 
909 583 82 
372 847 70 
649 453 64 
653 330 12 
122 408 51 
642 674 25 
375 760 73 
646 551 35 
648 489 81 
908 622 31 
108 847 23 
105 941 85 
921 221 7 
396 114 100 
919 285 18 
900 875 37 
370 925 76 
923 169 20 
395 155 56 
634 938 79 
897 978 53 
663 42 33 
654 323 6 
135 32 95 
900 893 38 
926 87 72 
117 591 64 
384 506 79 
649 483 32 
111 783 41 
130 194 93 
904 777 98 
129 230 21 
388 393 8 
652 403 19 
382 584 83 
646 592 86 
902 850 16 
108 891 42 
109 869 62 
375 822 25 
392 297 29 
122 483 81 
927 109 45 
111 830 7 
666 14 10 
119 589 14 
928 89 29 
917 433 77 
917 434 24 
121 535 59 
115 722 10 
134 133 60 
376 823 8 
127 353 61 
394 272 93 
381 678 5 
384 590 57 
401 63 83 
373 933 92 
127 368 60 
385 564 26 
139 3 11 
381 693 50 
661 214 15 
382 672 82 
926 192 4 
380 740 3 
383 649 7 
387 525 34 
112 861 94 
387 532 100 
909 737 62 
930 92 60 
139 42 77 
125 477 85 
906 843 35 
391 427 47 
126 451 71 
919 451 27 
656 413 7 
126 461 90 
138 89 62 
916 550 52 
387 568 18 
398 227 79 
138 96 42 
133 254 56 
905 899 84 
640 927 91 
927 222 22 
117 760 94 
923 350 27 
399 211 55 
639 965 80 
665 166 19 
112 928 79 
903 983 7 
905 921 14 
387 596 49 
652 577 80 
645 795 6 
668 83 65 
120 688 95 
141 42 58 
403 112 56 
114 880 38 
395 361 35 
394 398 27 
922 416 64 
645 818 56 
657 446 34 
384 720 58 
650 667 38 
931 148 30 
910 800 57 
121 685 14 
667 143 88 
933 89 20 
405 77 61 
405 81 7 
646 803 81 
671 29 53 
907 906 25 
648 744 38 
647 778 95 
665 220 4 
139 143 57 
650 687 83 
923 416 81 
914 696 56 
383 774 33 
382 808 89 
394 438 58 
126 557 4 
130 433 4 
931 181 28 
144 3 35 
927 306 9 
397 353 33 
393 481 35 
650 706 65 
909 873 93 
405 115 40 
917 627 45 
394 457 18 
932 166 54 
661 376 52 
915 696 91 
393 496 14 
909 886 99 
388 657 49 
392 533 44 
379 938 16 
924 427 95 
932 182 6 
667 206 39 
658 486 50 
910 867 9 
922 496 14 
118 847 76 
922 499 64 
133 383 30 
907 966 71 
398 366 12 
663 343 30 
931 227 91 
400 307 31 
116 925 49 
390 623 43 
930 267 19 
410 5 7 
380 937 35 
129 529 22 
645 918 39 
924 467 37 
402 267 22 
909 936 79 
644 966 83 
913 819 40 
663 379 67 
666 288 30 
143 119 60 
139 245 6 
403 253 98 
405 193 40 
675 19 84 
653 702 24 
138 285 69 
647 890 32 
644 984 94 
650 802 26 
648 868 8 
923 536 76 
929 350 92 
663 406 46 
408 131 84 
411 39 63 
670 202 54 
664 394 70 
383 916 16 
673 119 61 
118 941 82 
120 887 80 
396 524 91 
919 699 25 
927 451 51 
392 656 20 
941 24 58 
395 567 39 
410 104 64 
931 338 78 
143 194 68 
144 164 55 
918 746 32 
920 684 7 
657 647 31 
931 347 99 
135 449 21 
126 729 35 
124 792 57 
391 708 56 
669 282 87 
138 360 54 
413 34 11 
649 910 28 
400 438 11 
654 760 55 
928 459 14 
119 966 76 
133 533 29 
939 126 2 
391 733 5 
407 238 2 
125 793 60 
677 65 24 
132 577 11 
148 81 36 
134 516 2 
917 820 73 
403 371 59 
916 853 54 
407 250 82 
144 213 47 
394 658 48 
405 326 18 
124 846 50 
676 119 49 
667 401 94 
138 417 46 
142 294 62 
659 652 46 
937 229 8 
393 714 33 
143 273 63 
939 173 57 
940 143 9 
399 533 76 
926 581 91 
143 283 22 
664 519 66 
671 302 97 
409 238 5 
666 464 72 
665 496 97 
936 287 56 
394 706 2 
401 489 21 
670 342 87 
386 956 9 
405 367 96 
142 329 38 
152 21 31 
935 324 28 
130 705 66 
387 935 64 
385 998 25 
152 32 23 
662 607 86 
925 648 49 
937 277 48 
150 99 98 
404 419 100 
151 72 39 
657 771 24 
672 308 49 
401 518 21 
666 497 59 
651 963 91 
387 956 28 
946 13 18 
390 866 6 
653 916 51 
658 761 65 
413 166 48 
655 857 35 
654 892 31 
946 33 48 
415 114 35 
662 649 27 
939 255 74 
135 607 62 
143 359 10 
396 708 51 
942 170 96 
141 429 5 
673 323 32 
137 558 26 
152 94 66 
410 289 43 
663 640 64 
679 144 50 
668 487 9 
919 901 79 
398 669 56 
407 393 45 
130 789 6 
679 155 13 
681 94 54 
925 723 72 
939 289 31 
141 455 67 
407 402 65 
656 878 32 
404 500 59 
921 859 6 
935 426 79 
138 558 35 
156 2 62 
655 918 68 
657 858 72 
143 413 32 
678 215 62 
948 37 10 
923 813 74 
946 101 47 
668 528 86 
945 134 7 
943 197 11 
938 354 68 
416 153 65 
676 285 27 
941 267 98 
663 694 35 
154 90 31 
684 51 64 
416 168 9 
946 122 1 
147 316 30 
928 682 41 
136 659 5 
938 375 66 
132 787 96 
151 198 60 
157 18 65 
397 771 56 
145 397 71 
402 624 60 
674 384 34 
673 416 3 
945 177 35 
395 849 73 
684 82 45 
931 618 90 
676 333 39 
140 567 86 
142 506 68 
676 338 27 
152 202 35 
394 893 39 
408 459 28 
157 50 46 
402 648 86 
656 967 53 
404 589 29 
395 871 83 
414 282 18 
673 445 100 
680 230 16 
932 610 51 
942 300 23 
131 866 55 
657 947 13 
685 81 85 
136 717 34 
931 649 50 
666 679 94 
400 735 56 
684 123 33 
405 582 47 
933 598 19 
152 236 36 
678 314 77 
672 502 38 
133 828 26 
930 697 97 
414 310 87 
670 567 79 
143 521 76 
672 508 1 
144 496 15 
398 814 8 
660 885 26 
418 197 58 
923 928 71 
423 45 58 
921 991 20 
926 837 90 
129 970 28 
669 616 68 
926 844 31 
930 720 35 
129 976 3 
672 527 58 
685 124 86 
686 93 11 
141 606 18 
657 995 88 
142 579 1 
408 529 86 
683 196 77 
133 863 19 
671 576 27 
145 499 56 
422 106 7 
925 898 100 
406 605 71 
668 675 51 
403 699 39 
943 343 2 
662 864 75 
420 175 85 
927 846 27 
952 74 66 
687 99 92 
424 62 35 
669 659 90 
133 892 33 
143 586 55 
132 928 76 
678 386 98 
675 482 100 
131 965 47 
941 431 15 
396 943 30 
138 750 60 
144 564 65 
935 620 68 
937 559 10 
663 864 66 
945 314 84 
400 826 63 
141 666 7 
685 188 5 
926 910 15 
137 804 62 
951 150 33 
675 515 36 
925 957 73 
416 354 34 
426 47 84 
947 280 100 
158 164 26 
672 615 68 
933 717 29 
924 999 23 
943 411 31 
952 133 64 
420 243 37 
942 446 84 
412 497 2 
687 165 12 
160 119 65 
401 840 31 
674 572 23 
138 809 100 
164 4 78 
669 734 53 
925 991 16 
399 914 42 
665 862 42 
138 816 81 
957 3 1 
930 841 92 
155 292 70 
400 891 3 
144 637 24 
662 964 37 
673 629 26 
148 522 33 
942 486 24 
136 897 60 
673 637 38 
404 785 51 
426 103 99 
421 260 28 
153 382 95 
165 11 11 
946 379 1 
687 218 9 
953 165 74 
411 586 62 
406 744 89 
429 31 94 
944 450 10 
943 482 66 
162 119 39 
691 104 93 
686 262 96 
161 156 53 
943 490 95 
158 254 1 
142 751 42 
665 922 75 
676 581 50 
404 823 88 
148 568 10 
931 872 15 
421 301 46 
428 84 58 
949 321 63 
677 564 77 
676 596 91 
135 984 40 
674 660 14 
667 879 35 
683 383 65 
417 438 73 
678 539 29 
409 687 58 
157 309 96 
149 558 14 
149 559 87 
943 522 39 
144 721 71 
931 900 61 
952 253 26 
412 611 61 
941 596 12 
152 481 27 
150 547 24 
950 323 35 
415 525 82 
696 7 45 
148 613 38 
929 979 17 
684 383 17 
155 401 42 
958 88 86 
411 663 2 
694 82 90 
670 827 24 
692 145 86 
684 401 94 
666 964 60 
429 122 5 
412 650 60 
159 303 1 
160 272 28 
158 335 7 
156 400 18 
433 7 81 
930 985 68 
149 623 32 
161 251 77 
689 267 39 
941 649 3 
165 130 22 
949 402 33 
149 629 89 
143 816 66 
165 135 91 
419 453 94 
433 21 86 
685 401 62 
936 813 93 
142 852 2 
138 978 81 
668 934 35 
668 936 61 
139 954 32 
434 3 14 
938 763 7 
690 268 100 
169 36 27 
680 582 88 
156 450 68 
674 776 69 
416 585 10 
162 273 21 
932 981 84 
158 401 35 
960 119 25 
151 623 68 
431 136 93 
413 695 90 
163 254 88 
405 945 72 
949 466 85 
679 645 89 
956 254 69 
145 820 57 
148 727 93 
432 115 28 
140 978 35 
939 788 84 
689 349 41 
156 489 76 
951 423 59 
952 393 4 
157 464 88 
954 333 54 
424 380 31 
939 799 65 
672 888 73 
963 62 54 
423 419 18 
692 272 92 
961 126 88 
945 627 38 
950 472 16 
147 790 68 
148 759 77 
958 227 4 
165 235 11 
951 445 30 
415 680 77 
669 999 13 
432 156 3 
943 699 13 
164 274 71 
157 503 41 
679 705 82 
150 723 96 
934 997 42 
958 253 46 
167 202 53 
689 405 24 
146 857 62 
683 594 9 
151 703 9 
437 30 7 
698 134 68 
940 824 83 
173 26 89 
940 825 54 
962 144 52 
152 681 6 
675 852 73 
946 644 4 
428 323 78 
147 849 32 
675 870 53 
960 230 49 
695 256 53 
961 203 74 
430 281 33 
673 940 64 
950 548 39 
672 975 16 
149 806 41 
145 931 5 
684 606 59 
160 467 70 
943 772 4 
947 648 80 
699 145 46 
150 784 44 
435 141 95 
158 537 31 
147 881 68 
152 732 66 
163 391 14 
680 748 7 
693 346 5 
677 845 40 
703 41 49 
952 514 82 
681 727 51 
961 240 83 
424 505 77 
412 878 30 
417 729 18 
424 512 70 
703 55 16 
175 44 79 
689 494 48 
693 371 49 
145 976 13 
160 513 30 
161 482 3 
949 631 73 
941 880 65 
414 834 30 
430 339 76 
163 429 26 
421 627 38 
146 969 71 
427 454 56 
438 118 99 
692 442 59 
148 925 100 
173 156 34 
702 141 11 
432 321 15 
687 608 99 
705 54 35 
429 419 69 
697 311 56 
425 552 13 
965 201 12 
963 264 11 
693 444 84 
415 876 7 
153 807 38 
954 552 80 
942 925 64 
167 384 76 
690 557 88 
174 170 11 
701 217 16 
166 419 42 
954 567 89 
178 48 48 
971 41 92 
943 916 6 
683 786 60 
708 12 98 
178 60 17 
174 187 95 
703 177 6 
432 387 97 
963 312 77 
436 266 55 
179 47 27 
417 862 37 
415 925 53 
425 621 54 
426 594 28 
684 788 55 
156 773 5 
431 440 73 
951 704 42 
168 403 83 
699 327 44 
946 862 98 
943 956 78 
436 293 28 
176 167 48 
703 220 54 
700 316 33 
155 828 68 
958 517 2 
962 394 21 
429 537 32 
698 390 7 
956 588 80 
160 689 22 
975 3 74 
956 593 69 
681 928 41 
685 809 83 
966 290 99 
974 43 24 
447 1 63 
698 414 48 
168 461 15 
684 850 20 
431 507 38 
946 926 15 
967 279 63 
444 109 84 
174 288 3 
950 811 29 
427 643 17 
961 474 70 
438 306 87 
952 759 73 
962 449 86 
176 240 21 
705 232 16 
418 941 22 
419 912 65 
437 354 23 
161 719 20 
173 350 3 
433 482 55 
166 569 58 
957 624 31 
425 740 76 
421 866 29 
684 907 9 
706 227 3 
684 910 46 
159 802 65 
444 161 41 
178 221 52 
703 332 64 
975 94 33 
448 48 49 
946 995 15 
969 284 49 
173 385 54 
170 479 98 
707 225 63 
969 296 70 
178 242 51 
181 152 25 
427 724 64 
183 98 93 
173 409 45 
975 123 62 
711 122 82 
177 293 29 
423 859 44 
685 931 33 
692 720 6 
699 504 75 
158 893 30 
170 522 39 
432 593 16 
435 500 77 
950 920 54 
962 548 32 
701 449 91 
956 736 79 
157 931 40 
948 987 22 
975 153 63 
684 983 44 
434 542 11 
691 768 33 
160 846 7 
156 971 99 
964 499 12 
961 594 47 
173 447 24 
443 269 27 
443 271 76 
974 195 44 
687 901 65 
166 678 26 
430 690 29 
714 78 75 
164 745 83 
165 718 29 
425 851 65 
700 518 84 
703 425 90 
976 155 25 
171 536 11 
959 684 95 
975 193 31 
950 970 52 
699 563 85 
167 672 53 
952 916 50 
699 571 84 
962 611 9 
958 736 43 
978 116 12 
184 156 30 
439 446 68 
441 386 37 
686 984 21 
452 48 17 
177 382 19 
445 266 24 
712 182 35 
452 53 27 
178 359 71 
185 142 75 
706 375 90 
178 360 96 
716 70 64 
163 830 87 
700 567 87 
952 948 83 
957 794 12 
447 226 32 
451 102 55 
973 304 13 
183 219 12 
981 58 28 
964 587 8 
435 610 24 
713 184 50 
443 364 63 
423 986 48 
688 963 60 
699 624 99 
173 552 45 
182 275 91 
702 540 7 
443 378 61 
178 403 75 
960 739 80 
982 60 59 
959 775 7 
166 783 7 
160 970 62 
704 490 17 
984 3 21 
959 779 14 
453 82 80 
184 230 26 
698 681 79 
435 644 33 
180 359 37 
715 158 33 
451 156 67 
963 669 32 
442 437 50 
691 910 4 
717 104 1 
969 485 67 
181 341 30 
425 971 18 
186 189 92 
453 107 75 
446 327 22 
169 732 60 
191 51 73 
165 859 26 
445 372 39 
714 225 14 
717 133 46 
427 934 14 
428 904 23 
452 160 96 
443 440 78 
184 282 15 
442 478 52 
692 920 100 
985 32 14 
167 815 75 
446 358 48 
717 152 39 
191 83 1 
447 344 55 
700 693 25 
980 207 29 
166 868 23 
974 399 31 
719 113 6 
185 285 96 
448 325 89 
714 276 90 
427 984 38 
972 477 38 
457 63 26 
972 482 61 
975 389 16 
958 918 75 
178 524 15 
966 672 54 
432 848 68 
707 515 24 
430 912 91 
721 85 57 
707 520 83 
176 599 17 
432 861 72 
696 875 73 
164 987 66 
187 276 44 
176 618 94 
971 550 29 
184 373 58 
988 25 70 
965 740 89 
459 43 73 
978 340 96 
188 257 50 
441 609 42 
958 972 55 
176 639 18 
696 903 86 
976 416 84 
973 519 67 
976 432 64 
715 332 14 
967 713 53 
181 504 55 
188 287 22 
717 275 25 
435 826 34 
964 814 43 
454 241 13 
175 699 86 
171 829 64 
183 458 72 
964 824 98 
439 717 19 
976 455 95 
433 907 79 
175 714 21 
698 889 15 
169 906 18 
455 232 43 
726 24 46 
461 48 42 
198 11 30 
173 787 56 
443 610 18 
176 696 55 
448 458 91 
169 917 47 
440 711 51 
969 699 73 
961 950 33 
972 609 82 
976 490 50 
972 615 58 
182 530 55 
194 161 66 
971 653 30 
195 136 80 
453 330 61 
726 59 64 
174 790 33 
188 356 42 
715 409 17 
456 248 73 
718 319 59 
452 375 35 
442 686 31 
708 632 68 
974 579 36 
439 782 62 
173 844 53 
706 706 84 
719 309 22 
170 945 34 
191 302 72 
984 296 95 
988 174 77 
444 655 47 
728 46 54 
970 737 46 
198 94 52 
437 880 59 
438 850 30 
438 853 91 
993 32 86 
717 399 33 
993 36 57 
441 766 36 
438 860 60 
450 488 43 
983 350 33 
445 647 34 
718 378 28 
978 512 96 
445 652 54 
724 195 90 
184 554 44 
435 967 2 
445 659 30 
462 132 68 
180 684 79 
188 436 20 
443 724 88 
175 841 62 
984 338 42 
710 641 73 
711 611 25 
979 501 26 
445 674 93 
719 380 17 
437 931 40 
185 553 13 
727 139 14 
173 937 70 
439 885 83 
717 460 11 
172 972 21 
713 587 1 
994 68 24 
456 364 35 
724 248 39 
195 269 57 
992 140 57 
721 350 85 
712 631 95 
173 957 97 
174 926 47 
190 432 93 
995 54 40 
440 876 87 
718 451 32 
440 880 58 
988 281 65 
729 120 72 
446 705 55 
439 923 15 
196 265 90 
458 335 52 
727 188 87 
711 685 88 
732 37 35 
978 607 4 
446 717 4 
458 347 56 
457 379 92 
460 286 85 
706 852 9 
703 946 44 
716 547 34 
988 307 68 
467 78 25 
178 846 52 
457 394 85 
184 666 63 
439 953 77 
969 908 18 
190 483 62 
980 572 21 
970 883 61 
456 434 1 
175 955 100 
707 849 6 
995 113 5 
714 635 18 
716 573 85 
997 54 86 
467 108 21 
993 187 50 
459 358 26 
196 320 11 
461 301 62 
455 489 87 
724 342 36 
186 637 87 
461 304 29 
176 950 28 
203 113 29 
205 51 41 
993 200 61 
206 24 33 
459 375 65 
973 826 100 
187 618 91 
994 177 82 
471 7 72 
189 559 47 
464 227 58 
706 919 38 
183 750 87 
185 689 46 
199 255 64 
989 341 42 
455 512 77 
207 9 71 
984 501 37 
709 835 89 
735 29 50 
723 403 26 
736 2 58 
718 562 9 
195 395 48 
729 225 91 
180 862 51 
449 717 91 
455 532 90 
984 517 19 
733 108 62 
466 196 40 
459 414 34 
728 269 59 
199 287 34 
205 101 50 
992 282 36 
203 166 34 
709 864 96 
994 221 72 
727 308 32 
731 188 96 
984 537 26 
459 430 29 
194 455 61 
190 580 30 
974 852 51 
716 660 62 
990 360 24 
195 430 40 
457 500 66 
709 882 100 
460 414 20 
990 368 19 
986 493 36 
994 245 100 
468 168 30 
723 464 5 
179 946 84 
186 729 60 
179 948 48 
191 581 2 
473 34 19 
209 34 79 
467 230 7 
979 743 41 
714 771 31 
999 128 54 
987 503 29 
460 457 15 
728 342 16 
996 226 67 
195 483 100 
207 111 41 
724 468 51 
972 977 46 
998 174 91 
180 958 70 
460 471 62 
449 815 24 
470 166 6 
473 73 91 
978 806 24 
714 799 24 
993 342 93 
454 672 95 
982 688 79 
466 301 1 
979 787 84 
723 536 52 
988 514 5 
469 221 92 
737 110 41 
730 328 45 
463 416 99 
198 440 2 
998 218 5 
209 110 60 
470 211 8 
979 818 8 
197 486 5 
189 735 71 
999 204 94 
987 578 94 
181 989 46 
204 276 94 
200 401 100 
469 256 91 
987 582 58 
463 444 39 
977 897 36 
212 37 77 
460 543 10 
989 528 92 
192 663 60 
457 640 34 
455 703 42 
477 21 10 
738 122 57 
741 29 33 
989 533 8 
711 962 72 
733 280 75 
453 769 3 
727 467 42 
720 688 23 
449 899 41 
990 512 21 
712 941 21 
991 486 61 
461 533 77 
186 867 43 
980 829 66 
996 336 14 
214 3 12 
731 361 5 
716 827 1 
715 862 41 
458 639 59 
195 603 61 
734 280 62 
461 556 63 
741 75 85 
470 287 53 
998 303 33 
464 474 86 
989 583 100 
985 708 75 
476 108 65 
988 623 85 
186 910 14 
459 642 78 
993 472 75 
452 860 15 
981 845 44 
993 473 31 
197 575 32 
744 2 24 
465 464 31 
456 744 61 
744 12 37 
995 423 31 
714 943 34 
721 726 55 
986 707 26 
451 909 18 
191 786 26 
733 369 94 
979 937 99 
190 822 85 
998 350 48 
468 403 63 
735 318 93 
981 886 9 
983 825 12 
461 627 89 
472 288 33 
476 169 84 
207 318 89 
999 342 40 
462 608 88 
716 934 74 
461 648 2 
715 967 51 
198 612 5 
468 437 28 
206 368 40 
457 780 39 
740 202 40 
726 637 87 
715 982 79 
205 409 50 
465 545 12 
727 615 93 
982 904 59 
482 21 21 
733 438 7 
744 97 72 
455 866 81 
193 805 70 
988 736 33 
988 739 33 
216 97 65 
721 829 73 
480 109 64 
718 924 28 
474 298 24 
475 272 70 
716 994 57 
738 314 3 
206 423 12 
454 927 56 
477 219 54 
189 957 75 
997 485 34 
208 369 37 
986 831 70 
195 777 83 
993 620 24 
457 855 32 
994 592 46 
469 486 5 
731 562 96 
748 36 69 
193 858 49 
191 921 86 
199 677 28 
990 734 18 
729 638 53 
199 685 36 
213 252 50 
200 661 38 
725 771 54 
217 136 11 
478 237 91 
984 935 100 
726 746 56 
215 205 68 
739 347 100 
205 522 2 
213 276 45 
455 969 52 
476 320 8 
198 747 44 
193 908 35 
728 711 6 
730 652 16 
995 629 73 
483 122 37 
472 464 30 
212 334 39 
460 839 56 
724 847 40 
988 855 29 
743 260 96 
459 874 28 
214 278 99 
736 483 51 
720 980 53 
475 384 14 
461 819 54 
750 52 31 
741 332 47 
735 519 36 
720 987 41 
737 462 45 
479 270 71 
735 526 42 
744 250 97 
745 220 66 
218 174 1 
993 726 3 
742 318 7 
217 215 88 
220 123 92 
748 139 56 
481 225 74 
200 746 60 
480 258 94 
219 158 4 
744 267 94 
740 393 78 
996 654 52 
477 360 18 
212 385 95 
221 106 45 
476 395 56 
745 249 55 
733 623 39 
467 678 86 
458 959 47 
479 308 63 
482 215 89 
746 224 4 
748 169 75 
214 344 95 
724 918 9 
461 882 74 
741 394 13 
986 991 32 
487 77 63 
210 473 59 
487 82 14 
225 15 34 
216 297 57 
222 112 19 
469 648 54 
489 28 42 
217 271 15 
458 994 91 
209 522 73 
471 592 34 
739 476 16 
740 446 9 
465 782 23 
995 736 38 
203 715 32 
463 848 68 
733 672 81 
210 503 10 
724 956 7 
490 20 41 
464 827 59 
746 277 48 
731 744 32 
750 156 46 
481 304 64 
485 180 20 
724 968 40 
202 771 98 
207 618 73 
485 192 94 
742 427 97 
479 390 45 
465 828 64 
199 883 34 
218 296 6 
225 79 26 
485 216 44 
214 428 13 
487 157 98 
479 407 3 
462 943 13 
730 827 58 
466 822 92 
747 305 32 
997 748 69 
487 175 25 
726 967 23 
741 505 47 
201 869 86 
222 219 33 
217 378 89 
485 266 76 
995 840 60 
478 487 12 
210 606 72 
747 349 62 
997 795 47 
736 697 92 
750 267 32 
211 594 44 
757 52 13 
473 665 60 
219 349 73 
749 304 98 
494 25 7 
485 305 69 
999 756 28 
470 773 73 
999 760 25 
221 303 90 
204 837 11 
229 62 71 
470 784 95 
754 173 43 
735 766 46 
494 49 74 
221 321 46 
995 903 14 
743 526 96 
204 854 51 
728 994 99 
731 904 55 
735 780 94 
221 335 9 
486 312 73 
207 770 46 
738 694 69 
756 137 1 
995 922 29 
224 250 85 
203 903 95 
749 368 12 
746 462 15 
760 28 7 
736 773 29 
218 450 97 
476 646 75 
744 531 75 
751 314 94 
495 62 32 
209 737 13 
734 846 94 
211 678 8 
217 492 47 
229 122 79 
477 628 17 
746 483 37 
752 297 86 
222 347 39 
491 200 35 
475 703 15 
749 405 14 
745 530 74 
742 624 100 
489 276 79 
221 403 46 
486 384 2 
470 886 65 
219 477 26 
480 579 51 
732 963 40 
233 49 52 
760 96 31 
211 733 1 
469 938 80 
475 757 94 
219 502 43 
219 504 67 
233 73 35 
751 401 80 
745 593 65 
752 376 62 
749 474 33 
761 106 100 
749 480 8 
226 311 21 
733 980 63 
754 342 62 
742 715 42 
225 367 54 
742 727 38 
232 154 72 
487 442 59 
206 965 37 
739 831 34 
221 506 24 
231 204 63 
498 121 82 
229 276 28 
480 688 94 
999 983 64 
476 813 12 
748 576 69 
751 486 58 
473 914 30 
236 70 67 
492 330 71 
214 759 32 
475 863 35 
747 628 50 
488 466 95 
500 97 63 
482 658 57 
212 837 71 
207 994 32 
487 513 1 
762 182 22 
216 728 79 
765 93 36 
218 667 73 
227 388 32 
233 202 60 
473 955 14 
738 932 62 
490 431 72 
493 339 24 
494 308 49 
495 282 49 
763 166 74 
751 539 64 
224 498 22 
222 561 8 
765 112 89 
495 291 48 
742 826 46 
485 602 56 
475 917 22 
737 989 73 
234 203 58 
755 439 21 
765 131 30 
742 846 36 
220 647 12 
757 384 33 
220 648 8 
236 153 99 
491 441 16 
745 760 71 
769 16 94 
752 544 11 
482 725 56 
503 80 20 
224 541 81 
495 333 54 
738 997 99 
753 532 98 
234 247 12 
741 916 8 
230 379 49 
242 8 52 
230 385 56 
240 77 55 
499 240 54 
496 334 45 
749 686 10 
232 333 1 
220 707 91 
475 997 80 
489 563 23 
227 495 64 
214 899 35 
750 669 28 
238 158 26 
241 67 30 
758 424 93 
504 114 68 
768 122 65 
504 118 89 
243 24 88 
232 366 34 
766 196 30 
479 903 92 
508 4 39 
223 651 26 
762 326 63 
237 219 34 
743 922 27 
239 163 38 
767 180 21 
757 497 14 
770 101 34 
477 995 6 
225 619 60 
508 39 73 
491 567 73 
218 839 49 
772 52 70 
773 28 63 
234 354 36 
755 588 31 
501 274 83 
214 983 24 
755 599 3 
767 230 56 
480 939 8 
769 173 20 
486 755 28 
493 538 44 
222 752 80 
506 145 88 
758 530 45 
765 317 31 
220 831 7 
497 438 47 
750 790 40 
215 992 6 
767 268 94 
231 501 17 
510 48 47 
233 446 6 
494 552 32 
485 833 85 
229 578 60 
745 970 7 
765 350 88 
497 467 67 
489 716 31 
231 524 12 
750 820 7 
485 844 22 
220 872 21 
244 136 56 
482 950 11 
487 795 17 
228 634 39 
235 417 96 
240 262 65 
776 30 36 
233 481 94 
225 732 68 
747 934 78 
219 919 97 
492 649 58 
749 874 60 
777 6 83 
220 895 22 
217 989 87 
511 70 30 
776 48 96 
750 862 93 
229 641 25 
490 742 98 
756 693 7 
767 357 88 
754 762 47 
759 609 72 
507 231 85 
489 793 36 
229 665 37 
244 204 33 
769 313 51 
755 753 95 
500 467 40 
774 169 18 
502 411 89 
773 204 98 
758 676 68 
488 856 68 
775 152 56 
220 974 41 
239 390 5 
777 99 71 
245 214 42 
509 226 87 
487 912 22 
245 223 34 
762 580 96 
246 194 80 
780 24 65 
226 815 56 
498 576 44 
511 174 90 
502 457 5 
238 450 46 
251 47 94 
763 560 97 
777 129 20 
764 537 16 
488 905 16 
247 193 56 
766 492 37 
503 454 36 
223 945 9 
489 895 78 
773 283 65 
499 594 42 
760 696 65 
505 410 4 
245 285 81 
509 294 75 
244 326 61 
516 86 6 
757 809 22 
768 471 94 
235 613 7 
772 352 12 
252 91 64 
752 975 1 
252 96 87 
510 290 59 
237 564 77 
495 758 43 
495 760 15 
782 58 76 
784 1 93 
251 142 86 
762 690 83 
488 993 2 
775 288 46 
238 552 48 
780 140 55 
502 578 86 
755 928 99 
770 463 30 
233 733 27 
254 82 77 
768 534 10 
780 163 9 
228 893 84 
227 926 50 
246 339 28 
771 451 41 
236 653 59 
243 436 82 
504 538 78 
495 818 69 
226 967 60 
491 945 3 
236 661 72 
497 765 87 
236 665 47 
247 324 96 
500 677 72 
243 454 11 
776 315 41 
504 558 83 
499 714 61 
238 618 27 
520 68 44 
504 565 57 
764 699 58 
493 912 60 
516 200 50 
253 162 49 
250 256 30 
520 78 45 
784 88 27 
235 727 74 
504 581 22 
522 23 58 
244 450 54 
516 212 63 
247 360 32 
236 704 14 
499 744 69 
229 923 6 
515 249 18 
758 908 25 
230 902 38 
501 694 32 
771 518 82 
257 74 35 
517 207 1 
763 774 81 
251 266 73 
499 773 14 
775 409 7 
233 829 26 
506 564 25 
784 138 57 
247 406 11 
493 972 51 
784 150 13 
242 570 87 
243 553 95 
775 445 85 
519 192 55 
515 322 96 
252 290 40 
777 405 23 
501 771 38 
517 280 10 
498 871 27 
230 990 87 
770 639 11 
520 200 2 
766 769 100 
246 509 95 
777 432 53 
783 246 76 
780 348 29 
241 675 4 
246 521 59 
233 926 49 
234 896 96 
507 627 32 
496 975 56 
258 164 97 
766 803 63 
514 426 6 
786 186 10 
525 86 62 
249 451 30 
761 963 10 
777 468 77 
259 144 74 
776 511 69 
259 161 40 
508 635 12 
